-0.050025999546051025 -0.0012550000101327896 0.04115099832415581
-0.04191900044679642 0.0003809999907389283 -0.03718800097703934
-0.009127999655902386 0.046557001769542694 0.04114300012588501
-0.005973000079393387 -0.04542599990963936 0.041078001260757446
0.06666299700737 -0.00203999993391335 0.005059999879449606
-0.0014880000380799174 -0.03787200152873993 -0.03716300055384636
-0.0023739999160170555 0.03951000049710274 -0.0366239994764328
0.036556001752614975 0.02036299929022789 0.04194499924778938
-0.03189300000667572 -0.028953000903129578 0.0018220000201836228
-0.035002999007701874 0.027553999796509743 0.0036460000555962324
0.03266499936580658 0.007942999713122845 -0.03805899992585182
0.03462199866771698 -0.025035999715328217 0.04058200120925903
0.004083999898284674 0.040759000927209854 0.003476999932900071
0.006415999960154295 -0.038812000304460526 0.0018469999777153134
-0.0040870001539587975 -0.00018600000475998968 -0.035565998405218124
0.028495000675320625 -0.024135999381542206 -0.022484000772237778
