-0.050695061683654785 -0.006000950001180172 0.027691449970006943
0.07390675693750381 0.030449019744992256 -0.003880230011418462
0.028782349079847336 -0.052180349826812744 0.005359880160540342
-0.006109260022640228 0.033144839107990265 -0.033479511737823486
0.014341309666633606 0.02116217091679573 0.03316770866513252
-0.04859064146876335 -0.03550992161035538 -0.0333283394575119
-0.057971078902482986 0.04993462935090065 -0.0011172000085934997
0.045053210109472275 -0.011447049677371979 -0.03427179157733917
0.07201322168111801 -0.020989850163459778 0.011205430142581463
-0.024248329922556877 -0.04950705170631409 0.01202279981225729
0.0012931199744343758 -0.03691316023468971 -0.033220499753952026
0.02847433090209961 0.051722511649131775 -0.003627409925684333
-0.05245929956436157 0.013406259939074516 -0.033499110490083694
-0.015328439883887768 -0.0035093799233436584 -0.004130099900066853
-0.030026650056242943 0.03591084107756615 0.0340120904147625
