0.07080460339784622 -0.042778320610523224 0.0034398999996483326
-0.07058090716600418 0.041383109986782074 -0.00030315000913105905
-0.06987615674734116 -0.03936975076794624 0.0028115001041442156
0.07133843749761581 0.0372745618224144 -0.001482659950852394
0.04726690053939819 -0.0044698999263346195 -0.03338804841041565
-0.02278744988143444 0.04246385022997856 0.03213709965348244
0.020572740584611893 -0.042876601219177246 0.030987679958343506
-0.04916737973690033 -1.720000000204891e-06 -0.03266014903783798
0.01836738921701908 0.05240755155682564 -0.0030558800790458918
0.04338790848851204 0.006582470145076513 0.033477261662483215
-0.0409124381840229 -0.007466710172593594 0.033997420221567154
-0.0020218300633132458 -0.038035228848457336 -0.03273671865463257
