0.06702200323343277 -0.009372999891638756 0.01537999976426363
0.02646300010383129 0.06790400296449661 0.013383000157773495
-0.029767999425530434 -0.06048399955034256 0.007416000124067068
-0.06987100094556808 0.017410999163985252 0.009719000197947025
0.045577000826597214 0.027806999161839485 -0.01865299977362156
-0.04607300087809563 -0.018794000148773193 -0.020805999636650085
0.03534799814224243 -0.025488000363111496 -0.019279999658465385
-0.005597999785095453 0.04993800073862076 -0.019398000091314316
0.00803299993276596 -0.03769800066947937 0.013756999745965004
-0.029745999723672867 0.03306199982762337 0.012227999977767467
-0.011272000148892403 -0.039657000452280045 -0.021595999598503113
0.03305700048804283 0.011986000463366508 0.016008999198675156
