0.039409998804330826 0.12844200432300568 0.0003490000090096146
0.009689000435173512 -0.07215999811887741 0.004029000177979469
-0.054947998374700546 -0.03163599967956543 -0.0037249999586492777
0.028369000181555748 -0.017704999074339867 -0.0036979999858886003
0.030664000660181046 0.0715859979391098 -0.0006309999735094607
-0.014779999852180481 -0.014991000294685364 0.005022999830543995
-0.024954000487923622 -0.048923999071121216 0.0033760000951588154
0.02186799980700016 0.04110800102353096 -0.001281999982893467
0.02918500080704689 -0.047775998711586 0.005071000196039677
0.017666000872850418 0.010085999965667725 0.00521499989554286
-0.04131599888205528 -0.004011999815702438 -0.006378999911248684
0.024310000240802765 0.10165400058031082 0.0015200000489130616
