-0.04959835857152939 -0.06240991875529289 -0.039935991168022156
-0.046248480677604675 0.0638202503323555 -0.03662889078259468
0.0390552394092083 -0.050299111753702164 -0.038325611501932144
0.04234692081809044 0.0472155399620533 -0.0367664210498333
0.031207259744405746 -0.048304878175258636 0.046773940324783325
0.038215529173612595 0.04366113990545273 0.04292704164981842
-0.05711200088262558 0.0005428600125014782 -0.033286768943071365
-0.032138749957084656 -0.051417671144008636 0.01571805030107498
-0.036352530121803284 0.04643028974533081 0.016059739515185356
-0.010046140290796757 -0.026856819167733192 -0.040623899549245834
-0.006852140184491873 0.02895822934806347 -0.0398031510412693
0.04477398097515106 -0.0016454600263386965 -0.024352500215172768
0.02021794021129608 -0.0011170300422236323 0.046100761741399765
0.009412350133061409 0.04570982977747917 0.002565880073234439
0.010597489774227142 -0.04618372023105621 -0.0013799900189042091
-0.05032652989029884 -0.008598649874329567 0.012059959582984447
-0.003908810205757618 -0.029479309916496277 0.033088721334934235
-0.004744870122522116 0.026560820639133453 0.032870590686798096
-0.0404018796980381 -0.03360800817608833 -0.017219610512256622
-0.034909579902887344 0.02458875998854637 -0.014829490333795547
