-0.015811080113053322 -0.0467219315469265 -0.017003420740365982
0.03194588050246239 0.04639552906155586 0.04495510086417198
-0.046248480677604675 0.0638202503323555 -0.03662889078259468
0.04668598994612694 0.016502799466252327 -0.03919816017150879
0.03610770031809807 -0.03684264048933983 0.04698053002357483
-0.0336938202381134 0.016357330605387688 0.02199169062077999
-0.057114649564027786 -0.0011947399470955133 -0.03847593069076538
0.043023549020290375 -0.046042270958423615 -0.03829006105661392
0.005079939961433411 0.047823209315538406 -0.010591000318527222
-0.004237879998981953 0.0020436199847608805 -0.040121808648109436
-0.01070760004222393 -0.02885882928967476 0.029915690422058105
-0.05325835943222046 -0.02864067070186138 0.006734179798513651
-0.05338137969374657 -0.058519769459962845 -0.03980192914605141
0.016096660867333412 0.0043165599927306175 0.04417753964662552
-0.03228574991226196 0.027385560795664787 -0.01958283968269825
