0.007583389990031719 0.03213518112897873 -0.06199267879128456
-0.0012001900468021631 -0.0026095600333064795 0.11004716157913208
-0.009801209904253483 -0.03710746020078659 -0.04043078050017357
-0.010634129866957664 0.036266591399908066 -0.012899300083518028
0.015012639574706554 -0.0020203599706292152 -0.021565059199929237
-0.003206490073353052 0.012068750336766243 0.06722795963287354
0.0009758200030773878 -0.035214368253946304 0.0002935999946203083
0.014317009598016739 -0.010895529761910439 -0.062399569898843765
-0.017003899440169334 0.00538551015779376 -0.04389394074678421
0.015076770447194576 0.027425890788435936 0.008644060231745243
-0.01606323942542076 -0.005906150210648775 -0.006963510066270828
0.009438849985599518 -0.016087589785456657 0.052329789847135544
0.01256708987057209 0.02628198079764843 0.0417138896882534
0.015522570349276066 0.02925512008368969 -0.030509600415825844
0.016365470364689827 -0.03239836171269417 -0.02569759078323841
-0.013940069824457169 0.026096170768141747 0.01662880927324295
