-0.016697019338607788 -0.03319859877228737 -0.04271553084254265
-0.0009468300268054008 0.0027142700273543596 0.10949598252773285
0.009402099996805191 0.027226660400629044 0.021504640579223633
0.012128899805247784 0.035887621343135834 -0.053965069353580475
0.006910710129886866 -0.03165191039443016 0.012067640200257301
-0.01342901960015297 -0.007665929850190878 0.057074449956417084
-0.015243659727275372 0.011242610402405262 -0.01936919055879116
0.017681190744042397 -0.008717680349946022 -0.05894216150045395
-0.016869790852069855 0.00992489978671074 -0.05843035876750946
-0.01659991964697838 -0.0012677699560299516 0.018721649423241615
0.016523240134119987 -0.026238109916448593 -0.02475574053823948
0.013790519908070564 0.03512312099337578 -0.01628234051167965
0.017744340002536774 -0.0058273798786103725 0.03670841082930565
0.014775860123336315 0.0011735099833458662 -0.002148859901353717
-0.017558040097355843 -0.021643709391355515 -0.00992439966648817
