0.04946399852633476 0.03470199927687645 -0.12002500146627426
0.03119800053536892 -0.04720599949359894 0.08530700206756592
-0.05029800161719322 -0.03063100017607212 -0.11984100192785263
-0.03476399928331375 0.05254799872636795 0.08412999659776688
-0.0337739996612072 0.05332700163125992 -0.08628399670124054
-0.05198200047016144 -0.030834000557661057 0.051343999803066254
0.03206200152635574 -0.04735700041055679 -0.08529099822044373
0.048069000244140625 0.035062000155448914 0.05134499818086624
-0.05121900141239166 -0.030990999191999435 -0.05093400180339813
0.04920300096273422 0.03461899980902672 -0.05120300129055977
0.030501000583171844 -0.04838800057768822 0.01651100069284439
-0.034292999655008316 0.05334100127220154 0.015379000455141068
