0.04946399852633476 0.03470199927687645 -0.12002500146627426
0.03119800053536892 -0.04720599949359894 0.08530700206756592
-0.05029800161719322 -0.03063100017607212 -0.11984100192785263
-0.03476399928331375 0.05254799872636795 0.08412999659776688
-0.0337739996612072 0.05332700163125992 -0.08628399670124054
-0.05198200047016144 -0.030834000557661057 0.051343999803066254
0.03206200152635574 -0.04735700041055679 -0.08529099822044373
0.048069000244140625 0.035062000155448914 0.05134499818086624
-0.05121900141239166 -0.030990999191999435 -0.05093400180339813
0.04920300096273422 0.03461899980902672 -0.05120300129055977
0.030501000583171844 -0.04838800057768822 0.01651100069284439
-0.034292999655008316 0.05334100127220154 0.015379000455141068
-0.010084000416100025 -0.0028349999338388443 0.08511099964380264
-0.0055669997818768024 0.010475999675691128 -0.11964599788188934
-0.05028900131583214 -0.012934999540448189 0.0003420000139158219
-0.04011699929833412 0.03519900143146515 -0.035245999693870544
0.047164998948574066 0.018720999360084534 0.00015300000086426735
0.01439599972218275 -0.04576300084590912 -0.03463200107216835
-0.04620100185275078 0.004856999963521957 -0.08499199897050858
-0.04433400183916092 0.018200000748038292 0.048631999641656876
