-0.06859321892261505 0.028403349220752716 0.06243859976530075
0.05073580890893936 -0.011627979576587677 -0.11101768910884857
0.09896711260080338 0.0009286000276915729 0.05164559930562973
0.005195680074393749 -0.018643489107489586 -0.008205659687519073
-0.05614563077688217 0.018243659287691116 -0.10931135714054108
0.013210659846663475 -0.006694800220429897 0.08200562000274658
0.0017535800579935312 0.01679866947233677 -0.06872134655714035
-0.014717349782586098 -0.03663254156708717 -0.1083180382847786
0.04028813913464546 0.026368150487542152 0.02874569036066532
-0.03720545023679733 -0.02757091075181961 0.04284270852804184
-0.11946644634008408 -0.009464460425078869 0.07910852879285812
-0.021345460787415504 0.028620639815926552 0.022780319675803185
0.04965021833777428 -0.030835099518299103 0.04182346910238266
0.02516983076930046 0.03519592061638832 -0.11248347163200378
0.07609651237726212 -0.0038919299840927124 0.004194379784166813
