-0.12470143288373947 0.002485180040821433 0.0811213031411171
0.10040251910686493 0.00019007999799214303 0.050081439316272736
0.05073580890893936 -0.011627979576587677 -0.11101768910884857
-0.054891470819711685 0.022100910544395447 -0.11055263876914978
-0.02290765941143036 0.003014130052179098 0.0906076580286026
0.03041050024330616 -0.030740130692720413 0.04727407172322273
-0.015530070289969444 -0.03705354034900665 -0.10713736712932587
-0.06880508363246918 0.00020963000133633614 0.03744244948029518
0.00300948997028172 0.017037460580468178 -0.07323621958494186
0.010163740254938602 0.03079053945839405 0.042316801846027374
0.05715557932853699 0.007649070117622614 0.006539550144225359
0.03433813899755478 -0.014756560325622559 -0.03979520872235298
