-0.007284000050276518 -0.058313999325037 -0.00030300000798888505
-0.0008360000210814178 0.06260199844837189 0.0030610000248998404
0.009519999846816063 -0.02964700013399124 0.0005830000154674053
-0.003959000110626221 0.0328189991414547 -0.007505000103265047
-0.008639000356197357 -0.017830999568104744 -0.001996000064536929
0.002111000008881092 0.020708000287413597 0.007592000067234039
-0.008403000421822071 -0.038300998508930206 -0.001955999992787838
0.010111999697983265 -0.049205001443624496 -0.0014530000044032931
0.003355999942868948 0.04387100040912628 0.006910999771207571
-0.0005719999899156392 0.05002100020647049 -0.009282000362873077
0.008043999783694744 -0.012891000136733055 -0.004664999898523092
0.0010550000006332994 0.01669500023126602 -0.008848999626934528
0.00017800000205170363 -0.010556000284850597 0.008249999955296516
-0.0014019999653100967 -0.04717399924993515 0.008371000178158283
-0.009483999572694302 0.05033399909734726 0.002767000114545226
-0.0034779999405145645 -0.027960000559687614 0.007675000000745058
-0.0010049999691545963 -0.028145000338554382 -0.009432000108063221
-0.00892999954521656 0.013636000454425812 0.001246000058017671
-0.001858999952673912 -0.048604998737573624 -0.009221999906003475
0.007253000047057867 0.031821999698877335 0.0008580000139772892
