-0.01616699993610382 -0.04656299948692322 -0.09149999916553497
-0.01760699972510338 0.04408400133252144 0.08162900060415268
0.0246140006929636 0.040502000600099564 -0.09012100100517273
0.012184999883174896 -0.04575800150632858 0.07880499958992004
-0.019346000626683235 0.007457999978214502 -0.06191999837756157
0.01884699985384941 -0.046549998223781586 -0.041457001119852066
0.019107000902295113 0.04236700013279915 0.03338100016117096
-0.021167999133467674 -0.044576000422239304 0.029788000509142876
0.02124200016260147 0.04170700162649155 -0.033991001546382904
-0.02174299955368042 -0.006732999812811613 0.06717900186777115
0.023277999833226204 -0.012079999782145023 -0.08619199693202972
0.018366999924182892 -0.016439000144600868 0.03938400000333786
-0.016318000853061676 0.04284999892115593 0.0011190000222995877
0.01738700084388256 0.013674000278115273 0.08141999691724777
-0.019905000925064087 -0.041179001331329346 -0.016392000019550323
0.024630999192595482 -0.0022009999956935644 -0.04267900064587593
0.01719300076365471 -0.0454460009932518 0.0065299998968839645
-0.019507000222802162 0.025312000885605812 0.03973599895834923
-0.014580000191926956 0.03485099971294403 -0.09015499800443649
-0.019354000687599182 -0.03168400004506111 -0.054767001420259476
