0.07122399657964706 0.07656099647283554 -0.011820999905467033
-0.015310999937355518 -0.1010729968547821 -0.003727999981492758
0.0009200000204145908 0.059734001755714417 0.005282000172883272
-0.0355059988796711 -0.04249199852347374 0.0001230000052601099
-0.02643899992108345 0.014918999746441841 0.0013859999598935246
0.0006339999963529408 -0.06304000318050385 0.0018469999777153134
0.03821000084280968 0.05124000087380409 -0.011080999858677387
0.009209999814629555 0.02290700003504753 0.017581000924110413
-0.014561999589204788 -0.016933999955654144 0.018799999728798866
0.00031800000579096377 0.031055999919772148 -0.01618099957704544
-0.019543999806046486 -0.015143999829888344 -0.01619100011885166
-0.027999000623822212 -0.07218299806118011 -0.009197000414133072
0.02914999984204769 0.07391999661922455 0.009325999766588211
2.300000051036477e-05 -0.03428199887275696 -0.005179999861866236
0.026350999251008034 0.045813001692295074 0.014537000097334385
-0.013442999683320522 -0.04464000090956688 0.017076000571250916
0.00045200000749900937 0.003607999999076128 -0.012450000271201134
-0.013276999816298485 0.037199001759290695 0.01146399974822998
-0.01724799908697605 -0.049810998141765594 -0.01658800058066845
0.013267000205814838 0.0532509982585907 -0.016330000013113022
