0.037193071097135544 0.011272399686276913 -0.0015914300456643105
-0.053807828575372696 -0.007570690009742975 -0.008621400222182274
-0.012140910141170025 -0.0010802600299939513 0.05260103940963745
0.0011344699887558818 -0.03689536079764366 -0.024692270904779434
-0.013257389888167381 0.033724721521139145 -0.02579171024262905
0.009934590198099613 -0.019802840426564217 0.017391379922628403
0.00289962999522686 0.02165691927075386 0.020619750022888184
0.03810860961675644 -0.019775759428739548 -0.028197739273309708
0.041631340980529785 -0.003118139924481511 0.03551900014281273
-0.02047388069331646 -0.004633110016584396 -0.02859969064593315
-0.021772030740976334 -0.0033431099727749825 0.008472870104014874
0.013490949757397175 0.0086866095662117 -0.029231639578938484
-0.039190929383039474 0.02276119962334633 -0.007230049930512905
-0.026752730831503868 -0.030264360830187798 -0.009377160109579563
0.016236860305070877 0.012301039882004261 0.04782329127192497
