0.04690926894545555 0.0044716899283230305 -0.027526160702109337
-0.04843670129776001 3.994000144302845e-05 -0.02488601952791214
0.009323869831860065 -0.03438698872923851 -0.027181090787053108
0.0028945300728082657 0.035167139023542404 -0.027019310742616653
0.04286719113588333 -0.0009043000172823668 0.034275028854608536
0.005015459842979908 -0.0015624399529770017 0.05579710006713867
-0.02511635050177574 -0.028372110798954964 -0.006168469786643982
-0.0439622588455677 -0.00010982999810948968 0.014291060157120228
-0.010147170163691044 -0.0010884000221267343 -0.02884659916162491
0.030060840770602226 -0.016277849674224854 -0.0003734299971256405
-0.028402220457792282 0.027015699073672295 -0.007060999982059002
0.025106260553002357 0.020076459273695946 -0.0022500399500131607
0.015379009768366814 0.018761729821562767 0.03253231942653656
0.01605870947241783 -0.019252009689807892 0.03121376968920231
-0.016340740025043488 0.009047860279679298 0.037845779210329056
0.017781440168619156 0.009516259655356407 -0.029284099116921425
