-0.07937200367450714 -0.01776999980211258 0.08819200098514557
-0.046146001666784286 -0.042201001197099686 -0.1467210054397583
0.048333000391721725 -0.03574199974536896 0.08774899691343307
0.0555960014462471 0.06599599868059158 0.03748499974608421
0.02885499969124794 0.020486999303102493 -0.11794000118970871
-0.02316099964082241 -0.07476700097322464 0.03766699880361557
-0.02088800072669983 0.05305600166320801 0.08682700246572495
-0.05421600118279457 0.02509400062263012 -0.09103100001811981
0.016596000641584396 -0.06102199852466583 -0.08927199989557266
0.05903799831867218 0.04452500119805336 -0.043432001024484634
-0.06240500137209892 0.025648999959230423 0.022151000797748566
-0.05761900171637535 -0.05011000111699104 -0.06580299884080887
0.039292000234127045 -0.045423999428749084 0.016078000888228416
-0.06861600279808044 -0.0389229990541935 0.0008849999867379665
-0.0133670000359416 -0.012474999763071537 0.09548799693584442
-0.007397000212222338 -0.0723240002989769 -0.027350999414920807
-0.0017750000115484 0.046879999339580536 0.012237000279128551
0.038791999220848083 0.02791599929332733 0.08682999759912491
0.02389100007712841 -0.03555300086736679 -0.14654099941253662
0.00031800000579096377 0.04165099933743477 -0.0654740035533905
