-0.04593700170516968 0.0347599983215332 0.008035000413656235
0.022942999377846718 0.05055699869990349 -0.01655299961566925
0.04290299862623215 -0.03467300161719322 0.004106000065803528
-0.026288000866770744 -0.048820000141859055 -0.017940999940037727
0.002650999929755926 -0.038669001311063766 0.008791999891400337
-0.014770000241696835 0.035999998450279236 -0.017916999757289886
-0.038968998938798904 0.004108999855816364 -0.016648000106215477
0.0354899987578392 -0.002466999925673008 -0.01779799908399582
0.026717999950051308 0.022957999259233475 0.009879999794065952
-0.03145499899983406 -0.02250399999320507 0.008985999971628189
0.00241499999538064 0.04515499994158745 0.008533000014722347
0.01936200074851513 -0.030705999583005905 -0.01819000020623207
0.024644000455737114 -0.010222000069916248 0.010304000228643417
-0.017993999645113945 0.022485999390482903 0.009922999888658524
0.015153000131249428 0.021362999454140663 -0.018334999680519104
-0.01919100061058998 -0.018988000229001045 -0.018225999549031258
