0.14166681468486786 -0.002496320055797696 -0.04865138977766037
-0.11559709161520004 -0.04024212062358856 -0.017733149230480194
-0.09660235047340393 0.004526990000158548 0.08832848072052002
-0.06152357906103134 0.05471589043736458 -0.04640074819326401
-0.026139529421925545 -0.055589959025382996 -0.046827979385852814
0.060473229736089706 0.043076030910015106 -0.04947825148701668
0.06338035315275192 -0.04642869904637337 -0.04293384030461311
0.09349782019853592 -0.0020197199191898108 0.05840162932872772
-0.055923789739608765 0.03456490859389305 0.02920377068221569
-0.023479510098695755 -0.004752090200781822 0.08126372843980789
-0.052861668169498444 -0.037135541439056396 0.018841329962015152
-0.003848280059173703 0.012740559875965118 -0.049825239926576614
-0.10962828248739243 0.03312347084283829 -0.00818604975938797
0.09898635745048523 0.01877746917307377 -0.0030331099405884743
-0.0676068365573883 -0.007718959823250771 -0.04207092896103859
0.035782959312200546 0.0038821499329060316 0.07469142973423004
