-0.039547521620988846 0.03226447105407715 -0.048931099474430084
0.14237530529499054 -0.0028936900198459625 -0.04402422904968262
-0.09909576922655106 0.0004076100012753159 0.08869115263223648
0.04817036911845207 0.000952520000282675 0.0705505907535553
0.038201089948415756 -0.05342559888958931 -0.04268667846918106
-0.11288189888000488 -0.04416771978139877 -0.013456149958074093
0.056271180510520935 0.0429706908762455 -0.020298460498452187
-0.02747691050171852 -0.030609039589762688 0.015441849827766418
-0.0941944569349289 0.03755088150501251 0.014100650325417519
0.08841230720281601 -0.02304866909980774 0.00818336009979248
-0.02578680031001568 0.013803579844534397 0.07630962878465652
-0.05121020972728729 -0.05271860957145691 -0.04710027948021889
-0.004521579947322607 0.03408737853169441 0.009824059903621674
0.07962948083877563 -0.005927680060267448 -0.05136113986372948
0.016681930050253868 0.004722599871456623 -0.050044890493154526
