-0.049449000507593155 -0.016473999246954918 -0.11138799786567688
0.016992000862956047 -3.7000001611886546e-05 0.138387992978096
0.041159000247716904 0.019751999527215958 -0.07752300053834915
-0.03115599974989891 0.030825000256299973 -0.05330599844455719
0.0426659993827343 0.006074000149965286 0.06953699886798859
-0.02569199912250042 0.001841000048443675 0.08295000344514847
0.002841999987140298 -0.027871999889612198 -0.04736199975013733
0.013446000404655933 -0.027230000123381615 -0.11064600199460983
-0.009604999795556068 0.03120799921452999 -0.11150500178337097
0.04589100182056427 0.003854000009596348 -0.019190000370144844
-0.04513400048017502 -0.013571999967098236 -0.02217100001871586
0.039055999368429184 -0.01706700026988983 0.025526000186800957
0.014050000347197056 -0.02217699959874153 0.09582000225782394
0.006446000188589096 0.030559999868273735 -0.023812999948859215
0.011278999969363213 0.02674899995326996 0.0992949977517128
0.001623000018298626 0.026135999709367752 0.053171999752521515
-0.03912299871444702 -0.024586999788880348 -0.0670740008354187
-0.000805000017862767 -0.02148899994790554 0.052184998989105225
-0.035062000155448914 0.027489999309182167 -0.007992000319063663
-0.05117499828338623 0.025412999093532562 -0.09819299727678299
