0.04187000170350075 -0.007193999830633402 -0.08225999772548676
0.0007050000131130219 0.005597999785095453 0.10738900303840637
-0.0497019998729229 0.00444599986076355 -0.06783200055360794
-0.0028329999186098576 -0.029426999390125275 -0.044520001858472824
0.018905000761151314 -0.026751000434160233 0.061524998396635056
-0.03374899923801422 -0.0012489999644458294 0.060492001473903656
0.0021609999239444733 0.025994999334216118 -0.05750900134444237
0.03993299975991249 8.900000102585182e-05 -0.025263000279664993
-0.03411399945616722 0.020522000268101692 -0.021076999604701996
0.011009999550879002 0.023934999480843544 0.060722000896930695
0.046487998217344284 -0.010634000413119793 0.023319000378251076
-0.03321100026369095 0.02893099933862686 0.024940000846982002
