0.07866600155830383 0.06379000097513199 -0.004282000008970499
-0.10000699758529663 0.05518300086259842 0.005576999858021736
0.048896998167037964 -0.11130300164222717 -0.020353000611066818
-0.03956000134348869 -0.11253099888563156 0.02432899922132492
-0.011301999911665916 0.06881900131702423 -0.0005080000264570117
0.05368899926543236 -0.047192998230457306 0.001791000016964972
0.04135400056838989 0.013636000454425812 -0.014507000334560871
-0.0059710000641644 -0.08575800061225891 -0.018223000690340996
0.019881999120116234 -0.10591399669647217 0.030640000477433205
-0.05028500035405159 0.025550000369548798 -0.002795000094920397
0.03387400135397911 0.051819998770952225 0.02169799990952015
-0.005654999986290932 0.025801999494433403 -0.023088999092578888
-0.006858999840915203 0.029033999890089035 0.023711999878287315
0.028466999530792236 0.05658600106835365 -0.023561999201774597
-0.04032000154256821 -0.11214199662208557 -0.019089000299572945
-0.05841299891471863 0.06679700314998627 0.007054000161588192
0.012884999625384808 -0.05818900093436241 0.008747999556362629
0.05581099912524223 -0.08822499960660934 0.015008999966084957
0.031012000516057014 -0.013776999898254871 0.016203999519348145
0.06650400161743164 0.02934500016272068 0.01306500006467104
