0.030114000663161278 0.030302999541163445 0.012125000357627869
-0.042486000806093216 0.004000000189989805 0.012116000056266785
0.039267998188734055 -0.01687300018966198 0.012331999838352203
-0.01007699966430664 -0.04162999987602234 0.012103999964892864
-0.014519000425934792 0.0399710014462471 0.011889000423252583
-0.032944001257419586 -0.023607999086380005 -0.0202029999345541
0.018226999789476395 -0.03612799942493439 -0.020382000133395195
0.03826399892568588 0.007296000141650438 -0.02081800065934658
0.00877199973911047 0.03856600075960159 -0.020679999142885208
-0.031553998589515686 0.02414100058376789 -0.020628999918699265
-0.03468099981546402 -0.02473600022494793 0.010865000076591969
0.019137000665068626 -0.03840700164437294 0.011207999661564827
-0.009983999654650688 -0.04083099961280823 -0.016770999878644943
0.02335900068283081 0.004488000180572271 0.00865700002759695
0.03758599981665611 -0.01850000023841858 -0.014177000150084496
-0.01830900087952614 0.014046999625861645 0.008592999540269375
-0.04197699949145317 0.0004949999856762588 -0.014324000105261803
0.005402999930083752 0.0239850003272295 0.008648999966681004
-0.0071020000614225864 0.019673999398946762 -0.017393000423908234
0.030267000198364258 0.02894200012087822 -0.012590999715030193
