0.030114000663161278 0.030302999541163445 0.012125000357627869
-0.042486000806093216 0.004000000189989805 0.012116000056266785
0.039267998188734055 -0.01687300018966198 0.012331999838352203
-0.01007699966430664 -0.04162999987602234 0.012103999964892864
-0.014519000425934792 0.0399710014462471 0.011889000423252583
-0.032944001257419586 -0.023607999086380005 -0.0202029999345541
0.018226999789476395 -0.03612799942493439 -0.020382000133395195
0.03826399892568588 0.007296000141650438 -0.02081800065934658
0.00877199973911047 0.03856600075960159 -0.020679999142885208
-0.031553998589515686 0.02414100058376789 -0.020628999918699265
-0.03468099981546402 -0.02473600022494793 0.010865000076591969
0.019137000665068626 -0.03840700164437294 0.011207999661564827
