-0.032287999987602234 0.07817699760198593 0.10014499723911285
-0.03334200009703636 -0.08087299764156342 0.10011599957942963
-0.030997000634670258 0.07907599955797195 -0.10823500156402588
-0.029510000720620155 -0.08101800084114075 -0.1095229983329773
0.0329819992184639 -0.00030899999546818435 -0.10134799778461456
0.030588999390602112 -0.001803999999538064 0.09212800115346909
0.024886999279260635 -0.08290400356054306 0.02929599955677986
0.026570999994874 0.07757899910211563 0.030704999342560768
0.029541999101638794 0.06711400300264359 -0.052014000713825226
0.02960599958896637 -0.06815800070762634 -0.0522879995405674
-0.03621400147676468 -0.014592999592423439 -0.07170800119638443
-0.033737000077962875 0.0655129998922348 -0.011973000131547451
