-0.10523785650730133 0.04661329835653305 -0.09558874368667603
0.0933915302157402 -0.003476599929854274 0.09719283133745193
-0.0676933005452156 -0.005958789959549904 0.10971272736787796
0.010150370188057423 0.04819219931960106 -0.09814518690109253
-0.046087831258773804 -0.04520561918616295 -0.08967652916908264
0.07102487236261368 0.05273168161511421 0.02085929922759533
0.07055065035820007 -0.05648617818951607 0.01849260926246643
0.011332649737596512 0.023206079378724098 0.08500978350639343
0.020726600661873817 -0.019012190401554108 -0.06518209725618362
0.03555842116475105 -0.043918851763010025 0.0798673927783966
-0.028183359652757645 -0.03088190034031868 0.061107929795980453
-0.10798841714859009 -0.019711000844836235 -0.08513359725475311
