0.016495950520038605 0.02243712916970253 -0.09922351688146591
-0.06720226258039474 -0.0078008901327848434 0.1096825823187828
0.08126737177371979 0.05349960923194885 0.054512280970811844
-0.10745341330766678 -0.04034183919429779 -0.09415390342473984
0.041050318628549576 -0.059252120554447174 0.040774520486593246
-0.010429169982671738 0.027978869155049324 0.0051999399438500404
-0.07588484138250351 0.05145886912941933 -0.08678408712148666
0.01905730925500393 0.006163930054754019 0.09511513262987137
0.061857789754867554 -0.004055370111018419 -0.01657789945602417
-0.026416679844260216 -0.045647069811820984 -0.08630262315273285
0.0916556864976883 -0.02474628947675228 0.0934034064412117
-0.02977851964533329 -0.025443069636821747 0.050188980996608734
0.0003280600067228079 -0.030531790107488632 -0.026647750288248062
-0.033094339072704315 0.029017489403486252 0.07542770355939865
0.023298559710383415 0.044804129749536514 0.05035031959414482
