0.027721010148525238 0.010015780106186867 -0.031064100563526154
-0.005918189883232117 -0.008602090179920197 0.05452946946024895
-0.03188716992735863 0.026621799916028976 0.000513100007083267
-0.004594599828124046 -0.038695089519023895 -0.002849410055205226
0.015527989715337753 0.019142530858516693 0.017464330419898033
-0.01917703077197075 -0.004553040023893118 -0.034955140203237534
0.027221599593758583 -0.014834349974989891 0.0004086199915036559
-0.015319949947297573 -0.004921989981085062 0.016835490241646767
-0.00175885995849967 0.03283977881073952 -0.022330669686198235
0.011532329954206944 -0.022912589833140373 -0.030969809740781784
0.017846519127488136 -0.010936579667031765 0.03176676854491234
-0.027409909293055534 0.021619120612740517 -0.027107149362564087
-0.004229410085827112 0.012285090051591396 0.036003731191158295
-0.005380069836974144 0.03347717970609665 0.0056474399752914906
0.032240960747003555 0.012296860106289387 -0.003718690015375614
