-0.0379222109913826 0.013172529637813568 -0.0341605618596077
0.02848665975034237 0.004911379888653755 -0.03187334164977074
-0.008623809553682804 -0.023799270391464233 -0.030163599178195
0.0029864199459552765 -0.006256449967622757 0.05644020065665245
-0.002018309896811843 0.03437495976686478 -0.016337919980287552
0.0012457299744710326 -0.04020410031080246 0.003961959853768349
-0.03087807074189186 0.02117801085114479 0.003967450000345707
0.025647390633821487 0.019247669726610184 0.0010405799839645624
0.026714809238910675 -0.016096340492367744 -0.0038079600781202316
-0.005388990044593811 0.007962300442159176 -0.034331321716308594
-0.01835962012410164 0.0034969199914485216 0.03628499060869217
0.019696800038218498 -0.0012198500335216522 0.03183919936418533
-0.0006275299820117652 0.02754846028983593 0.012109239585697651
-0.00986017007380724 -0.02330170013010502 0.028841959312558174
-0.02396100014448166 -0.0040819100104272366 -0.017359020188450813
0.01875229924917221 -0.020568450912833214 -0.02992366999387741
