-0.0562639981508255 -0.05891399830579758 0.028325999155640602
0.05357600003480911 -0.06194400042295456 0.027790000662207603
0.048135001212358475 0.0640299990773201 0.026945000514388084
-0.058556001633405685 0.05400000140070915 0.02737800031900406
0.08048299700021744 0.002308000111952424 0.027981000021100044
-0.06382299959659576 -0.002833999926224351 -0.0019490000559017062
-0.0016080000204965472 -0.06422500312328339 -0.0029430000577121973
-0.0054790000431239605 0.06067100167274475 -0.005646999925374985
0.04816500097513199 0.024548999965190887 -0.014910000376403332
0.042869001626968384 -0.030780000612139702 -0.01677500084042549
-0.03023800067603588 -0.030623000115156174 -0.02431900054216385
-0.03172599896788597 0.024992000311613083 -0.024147000163793564
-0.02314000017940998 0.07496800273656845 0.028466999530792236
-0.02071399986743927 -0.07810799777507782 0.029673000797629356
0.009184000082314014 0.027691999450325966 -0.02370999939739704
-0.07694700360298157 0.018511999398469925 0.028934000059962273
-0.07627300173044205 -0.024713000282645226 0.028741000220179558
0.01841999962925911 -0.0791419968008995 0.028054000809788704
0.06541500240564346 -0.02867400087416172 0.013233000412583351
0.01384699996560812 0.07820899784564972 0.027065999805927277
