-0.03630705177783966 -0.03629251942038536 -0.059259891510009766
0.02982082962989807 0.06894505023956299 -0.05372174084186554
-0.00786530040204525 -0.04560739919543266 0.12097238004207611
0.05005329102277756 -0.017859840765595436 -0.04517662152647972
-0.022837800905108452 0.07506561279296875 0.0027514100074768066
0.005020570009946823 -0.06182628124952316 0.0008009999874047935
-0.033673301339149475 0.034962039440870285 -0.055845510214567184
0.012167200446128845 -0.04633333161473274 0.061188578605651855
-0.04050925001502037 -0.020526710897684097 0.0036490499041974545
0.030308550223708153 0.02741079032421112 -0.01535193994641304
0.013037409633398056 -0.05580487102270126 -0.05220877006649971
0.000801410002168268 -0.003067030105739832 0.09010157734155655
