-0.03630705177783966 -0.03629251942038536 -0.059259891510009766
0.02982082962989807 0.06894505023956299 -0.05372174084186554
-0.00786530040204525 -0.04560739919543266 0.12097238004207611
0.05005329102277756 -0.017859840765595436 -0.04517662152647972
-0.022837800905108452 0.07506561279296875 0.0027514100074768066
0.005020570009946823 -0.06182628124952316 0.0008009999874047935
-0.033673301339149475 0.034962039440870285 -0.055845510214567184
0.012167200446128845 -0.04633333161473274 0.061188578605651855
-0.04050925001502037 -0.020526710897684097 0.0036490499041974545
0.030308550223708153 0.02741079032421112 -0.01535193994641304
0.013037409633398056 -0.05580487102270126 -0.05220877006649971
0.000801410002168268 -0.003067030105739832 0.09010157734155655
0.0015906000044196844 -0.0018678100313991308 -0.05364738032221794
-0.023692460730671883 0.025616539642214775 -0.005472059827297926
0.025953609496355057 -0.018623709678649902 -0.0026114899665117264
0.023069189861416817 0.07741911709308624 -0.007787640206515789
-0.010361069813370705 0.06708153337240219 -0.038245540112257004
-0.015622220002114773 -0.026898570358753204 0.03672558069229126
0.03720324859023094 0.020405929535627365 -0.0558910109102726
-0.027619220316410065 -0.05099235847592354 -0.021671580150723457
