-0.030124889686703682 0.027763810008764267 -0.05711951106786728
-0.0051305899396538734 -0.0435810312628746 0.12209028750658035
0.017944199964404106 -0.05232521891593933 0.009782380424439907
-0.00861154031008482 0.07830982655286789 0.01609976962208748
0.051804620772600174 0.05581935867667198 -0.04335055127739906
-0.034027550369501114 0.00487913005053997 0.017180200666189194
0.03355244919657707 -0.017793189734220505 -0.05736995115876198
-0.032212480902671814 -0.04211575165390968 -0.04985909163951874
0.014281390234827995 -0.008562459610402584 0.06520591676235199
0.020903969183564186 0.01604478992521763 -0.007221269886940718
-0.0007869700202718377 0.06845501810312271 -0.03664414957165718
-0.03312654048204422 -0.04517091065645218 0.002803589915856719
0.013812730088829994 -0.060637131333351135 -0.03993622958660126
-0.010509040206670761 -0.047601860016584396 0.049385350197553635
0.016321340575814247 0.02617081068456173 -0.053234249353408813
