0.03285500034689903 -0.03697500005364418 -0.07319500297307968
-0.05166799947619438 -0.0038819999899715185 -0.0733800008893013
-0.027807999402284622 -0.0422619991004467 0.06610099971294403
0.048030998557806015 0.01049800030887127 0.06592100113630295
0.017217999324202538 0.04733100160956383 -0.07307200133800507
-0.030395999550819397 0.04256799817085266 0.0641229972243309
0.027333000674843788 -0.0404059998691082 0.035238999873399734
-0.019632000476121902 -0.04586600139737129 -0.040984999388456345
-0.03138300031423569 0.040376998484134674 -0.03745599836111069
0.04737500101327896 0.009696999564766884 -0.037282999604940414
-0.05118799954652786 -0.001411000033840537 0.029214000329375267
0.01783899962902069 0.04646499827504158 0.029058000072836876
0.029481999576091766 -0.03828199952840805 -0.020715000107884407
-0.02107200026512146 -0.04477600008249283 0.01406100019812584
0.04800400137901306 0.002966000000014901 0.014429000206291676
-0.0502609983086586 -0.007786999922245741 -0.0219579990953207
0.016530999913811684 0.046650998294353485 -0.021635999903082848
-0.0011309999972581863 0.0002840000088326633 -0.06980500370264053
-0.001782999956049025 0.0008110000053420663 0.06437999755144119
-0.029569000005722046 0.041391000151634216 0.012719999998807907
