0.03285500034689903 -0.03697500005364418 -0.07319500297307968
-0.05166799947619438 -0.0038819999899715185 -0.0733800008893013
-0.027807999402284622 -0.0422619991004467 0.06610099971294403
0.048030998557806015 0.01049800030887127 0.06592100113630295
0.017217999324202538 0.04733100160956383 -0.07307200133800507
-0.030395999550819397 0.04256799817085266 0.0641229972243309
0.027333000674843788 -0.0404059998691082 0.035238999873399734
-0.019632000476121902 -0.04586600139737129 -0.040984999388456345
-0.03138300031423569 0.040376998484134674 -0.03745599836111069
0.04737500101327896 0.009696999564766884 -0.037282999604940414
-0.05118799954652786 -0.001411000033840537 0.029214000329375267
0.01783899962902069 0.04646499827504158 0.029058000072836876
