0.04067999869585037 0.08731500059366226 -0.001411000033840537
0.01580600067973137 -0.08357100188732147 0.006194000132381916
-0.06494200229644775 0.0709260031580925 0.010715999640524387
0.04155699908733368 -0.0298909991979599 -0.010374999605119228
-0.02548700012266636 -0.05039700120687485 -0.010700000450015068
0.03571600094437599 0.03234399855136871 -0.0016759999562054873
-0.049869999289512634 0.027197999879717827 0.002498999936506152
0.013280999846756458 -0.05385800078511238 -0.01641000062227249
0.02579900063574314 -0.0020600000862032175 0.00878200028091669
-0.03328600153326988 -0.022993000224232674 0.009456999599933624
0.02652899920940399 0.06094500049948692 -0.012776000425219536
0.012590999715030193 -0.018195999786257744 -0.014472000300884247
