-0.007725830189883709 -0.005725670140236616 0.019272789359092712
0.02264614962041378 -0.05735857039690018 -0.04233334958553314
0.0285111702978611 0.029969900846481323 -0.043997980654239655
-0.020935669541358948 0.065584197640419 0.03955494984984398
0.01281770970672369 0.016468370333313942 0.07135768234729767
-0.03289970010519028 -0.03593815863132477 -0.0402100495994091
-0.029437610879540443 0.02255556918680668 -0.040305718779563904
0.029263989999890327 0.03631814941763878 0.012214980088174343
0.0013946900144219398 -0.05708838999271393 0.03459186106920242
0.009314330294728279 -0.01234246976673603 -0.027082599699497223
-0.017353149130940437 0.038090649992227554 0.002054590033367276
-0.0063538202084600925 -0.0523357093334198 -0.008754310198128223
-0.02255617082118988 0.023120660334825516 0.04725757986307144
0.011895899660885334 0.04523200914263725 0.045615050941705704
0.021515030413866043 0.009423989802598953 0.03609742969274521
