0.021784409880638123 -0.05869993939995766 -0.041461799293756485
-0.020935669541358948 0.065584197640419 0.03955494984984398
0.027798950672149658 0.02978627011179924 -0.04446335881948471
0.0013946900144219398 -0.05708838999271393 0.03459186106920242
0.01266971044242382 0.015784140676259995 0.07163164764642715
-0.03255600109696388 -0.03509996086359024 -0.0401097796857357
-0.029417019337415695 0.022817589342594147 -0.03967477008700371
0.02389688976109028 0.04313550889492035 0.03052332065999508
0.018307669088244438 -0.036274708807468414 -0.0018640599446371198
-0.02472658082842827 0.021466029807925224 0.04509500041604042
0.002836930099874735 -0.006002979818731546 -0.030033539980649948
-0.010873190127313137 0.04355324059724808 0.002775419969111681
-0.016925130039453506 -0.05112326145172119 -0.008377520367503166
0.021238280460238457 0.02694137953221798 -0.0017823099624365568
0.02031066082417965 0.01023850031197071 0.03880593180656433
-0.01766319014132023 -0.018038209527730942 -0.007215669844299555
