-0.024831999093294144 -0.03824099898338318 0.03349699825048447
-0.02427699975669384 0.038506001234054565 -0.016155999153852463
0.02421100065112114 -0.03716199845075607 -0.01642799936234951
0.025467000901699066 0.036042001098394394 0.03209400177001953
-0.025584999471902847 -0.03505999967455864 -0.016290999948978424
-0.024309000000357628 0.03534799814224243 0.03365600109100342
0.02421800047159195 -0.03532300144433975 0.03269900009036064
0.024286000058054924 0.03426099941134453 -0.016582999378442764
-0.025182999670505524 -0.0022350000217556953 0.033612001687288284
0.025266999378800392 -0.0013249999610707164 -0.016759999096393585
-0.02402999997138977 0.003484999993816018 -0.01661599986255169
-0.00076299998909235 -0.037728000432252884 0.008144999854266644
0.025218000635504723 5.999999848427251e-05 0.03235099837183952
5.999999848427251e-05 0.03720499947667122 0.008586999960243702
-0.00035799999022856355 -0.01788399927318096 -0.016631999984383583
-0.0254139993339777 -0.01580600067973137 0.0068870000541210175
0.025373000651597977 -0.01811799965798855 0.008190999738872051
0.02582000009715557 0.017795000225305557 0.008317999541759491
-0.024954000487923622 0.016752000898122787 0.0103150000795722
-0.0025500000920146704 0.015955999493598938 0.032621998339891434
