-0.052570998668670654 0.012360000051558018 0.03339400142431259
0.047095999121665955 0.01498700026422739 0.03305099904537201
0.043577998876571655 0.012993000447750092 -0.049240000545978546
-0.047901999205350876 -0.015199000015854836 -0.049261000007390976
-0.020268000662326813 -0.029823999851942062 0.03283099830150604
-0.0015460000140592456 0.02734299935400486 0.03331099823117256
-0.016712000593543053 0.023700999096035957 -0.049065001308918
0.01109199970960617 -0.024342000484466553 -0.04914899915456772
0.0449180006980896 -0.012984000146389008 -0.007311999797821045
-0.04707799851894379 0.016388999298214912 -0.013414000160992146
0.026379000395536423 -0.027285000309348106 0.032958000898361206
-0.03803199902176857 -0.02665100060403347 -0.0076779997907578945
0.030128000304102898 0.026422999799251556 -0.011239999905228615
-0.02084900066256523 0.023684000596404076 0.00610300013795495
-0.019401000812649727 -0.026680000126361847 -0.035666000097990036
0.0019839999731630087 -0.005284999962896109 0.028365999460220337
