-0.032228998839855194 -0.00843099970370531 0.042413000017404556
0.025071000680327415 0.023708000779151917 0.04194900020956993
-0.0220979992300272 0.025760000571608543 -0.05866299942135811
-0.0004360000020824373 -0.03005800023674965 -0.0589120015501976
0.02996399998664856 0.013797000050544739 -0.05215400084853172
0.01582299917936325 -0.027185000479221344 0.03246600180864334
-0.016421999782323837 0.03044299967586994 0.023490000516176224
-0.0315140001475811 -0.010036000050604343 -0.03580800071358681
0.02612599916756153 -0.01992500014603138 -0.03022100031375885
0.004248000215739012 0.03454999998211861 -0.03016199916601181
-0.016956999897956848 -0.02690500020980835 0.011788000352680683
0.03275400027632713 0.0007319999858736992 0.011672000400722027
0.01462399959564209 0.031201999634504318 0.00519500020891428
-0.03294000029563904 0.004300999920815229 0.005442999769002199
-0.026528000831604004 0.021618999540805817 -0.02319999970495701
-0.006337999831885099 -0.028683999553322792 -0.022652000188827515
-0.0007169999880716205 0.0022899999748915434 0.03617599979043007
0.030014000833034515 0.01351999957114458 -0.019145000725984573
0.01696700043976307 -0.02652299962937832 0.00010900000052060932
-0.00012700000661425292 0.0020759999752044678 -0.05509600043296814
