0.07648825645446777 0.04353683814406395 -0.010211950168013573
-0.05014308914542198 -0.06519489735364914 0.02273024059832096
-0.049283839762210846 0.04932563006877899 -0.036424580961465836
-0.004536939784884453 0.024831410497426987 0.05667005851864815
0.019206950441002846 -0.046829260885715485 -0.041068628430366516
-0.047920551151037216 -0.0223813708871603 -0.03515060991048813
0.042771171778440475 -0.012732169590890408 0.018037300556898117
0.015202459879219532 0.023360610008239746 -0.03561994060873985
-0.03536304086446762 0.06852234154939651 0.02245499938726425
-0.05086427927017212 0.000983610050752759 0.022449549287557602
0.010694489814341068 -0.06491559743881226 0.017307860776782036
0.02618285082280636 0.04654794931411743 0.01448591984808445
-0.026898609474301338 -0.07216233015060425 -0.026352260261774063
0.06238438934087753 -0.003923600073903799 -0.03116125985980034
-0.005294930189847946 -0.018991200253367424 0.03109307959675789
