-0.04398949816823006 -0.06646016240119934 -0.04064914956688881
-0.041501641273498535 0.06641066074371338 -0.03639192879199982
0.08204591274261475 0.038674820214509964 -0.014262160286307335
-0.051625579595565796 0.02959384024143219 0.04113806039094925
-0.01696879044175148 -0.06716523319482803 0.03172801062464714
-0.05101345106959343 -0.0005538000259548426 -0.021083299070596695
0.020987389609217644 -0.0507991798222065 -0.03758573904633522
0.0065466598607599735 0.0587349496781826 -0.000341479986673221
0.005852940026670694 0.03323715180158615 0.05389728024601936
0.0718214362859726 -0.01468340028077364 0.007945110090076923
-0.004137389827519655 0.021911680698394775 -0.041089870035648346
-0.04722240939736366 -0.022333810105919838 0.028031770139932632
0.04664639011025429 0.004013749770820141 -0.03501950949430466
0.05206200107932091 0.0293134693056345 0.02852720022201538
-0.03983324021100998 0.06887345761060715 0.012981359846889973
-0.018146460875868797 -0.025768470019102097 -0.04281622916460037
