0.002948120003566146 0.046262308955192566 -0.06550048291683197
0.00018617999739944935 -0.011006769724190235 0.1165398508310318
-0.008504950441420078 -0.08300811052322388 -0.006055450066924095
-0.005512909963726997 0.08400005847215652 0.046324290335178375
0.048913680016994476 0.0003761000116355717 0.017483720555901527
-0.04945814982056618 -0.0023160299751907587 0.031439028680324554
0.03273212909698486 -0.03921458125114441 -0.07440494745969772
-0.04612879827618599 -0.021066389977931976 -0.05101450905203819
-0.015932150185108185 0.04247304052114487 -0.0027346599381417036
0.003243379993364215 -0.03964931145310402 0.04028297960758209
0.046699270606040955 0.010798419825732708 -0.04304923117160797
0.04537830874323845 -0.002252599922940135 0.0776713490486145
0.02974803000688553 -0.04158588871359825 -0.0171499103307724
0.0022913699503988028 0.016346370801329613 0.0424155592918396
-0.042558468878269196 0.00017953000497072935 0.08531735837459564
