-0.009173530153930187 -0.05002206936478615 -0.0756571963429451
0.007593320216983557 0.04584575816988945 -0.06784071028232574
0.004510490223765373 -0.009017320349812508 0.11692606657743454
-0.008308730088174343 -0.08648306131362915 0.008805040270090103
0.009690790437161922 0.09486646950244904 0.019973179325461388
0.04785323143005371 -0.013176440261304379 -0.03835451975464821
-0.047974519431591034 0.0029643101152032614 -0.038142070174217224
-0.04599568992853165 -0.0010947099654003978 0.07093264162540436
0.04683941975235939 -0.008118430152535439 0.06586883962154388
-0.010654490441083908 0.050321850925683975 -0.013375929556787014
-0.03617950156331062 -0.03654075041413307 0.002431219909340143
0.027767209336161613 -0.0429735891520977 0.0060906801372766495
0.03706181049346924 0.028665900230407715 -0.008517660200595856
0.01239641010761261 -0.0038756499998271465 -0.07255460321903229
-0.006721070036292076 -0.044640038162469864 0.04033225029706955
-0.04674442112445831 0.010236119851469994 0.010060169734060764
0.001502239960245788 -0.060594141483306885 -0.030245089903473854
-0.03502342849969864 0.028171470388770103 -0.07567422837018967
0.03609044849872589 0.028193959966301918 0.037808600813150406
-0.02331971935927868 0.039444901049137115 0.03623498976230621
